715141627039
345678901234
345678901234
715141328615
234567890123
715141328615
789012345678
722252369840
678901234567
074590516654
074590516654
041457878026
567890123456
696551750930
074590516654
234567890123
123456789012
890123456789
696551750930
030100062134
722252369840
567890123456
696551750930
567890123456
345678901234
715141328615
030100062134
041457878026
567890123456
123456789012
030100062134
030100062134
030100062134
722252369840
345678901234
890123456789
890123456789
456789012345
041457878026
678901234567
041457878026
890123456789
567890123456
041457878026
678901234567
722252369840
041457878026
715141328615
123456789012
030100062134
037000941514
567890123456
715141627039
722252369840
696551750930
715141328615
345678901234
715141627039
890123456789
234567890123
789012345678
567890123456
715141627039
696551750930
567890123456
696551750930
722252369840
037000941514
890123456789
789012345678
030100062134
715141328615
074590516654
715141627039
077567019905
074590516654
074590516654
074590516654
123456789012
030100062134
785357012059
678901234567
074590516654
890123456789
030100062134
890123456789
715141328615
037000941514
456789012345
037000941514
715141328615
345678901234
722252369840
456789012345
715141328615
567890123456
789012345678
456789012345
722252369840
567890123456
