715141627039
715141627039
715141627039
715141627039
715141627039
715141627039
715141627039
715141627039
715141627039
715141627039
715141627039
715141627039
715141627039
715141627039
715141627039
345678901234
345678901234
345678901234
345678901234
345678901234
345678901234
345678901234
345678901234
345678901234
345678901234
345678901234
345678901234
345678901234
345678901234
345678901234
345678901234
345678901234
345678901234
345678901234
345678901234
715141328615
715141328615
715141328615
715141328615
715141328615
715141328615
715141328615
715141328615
715141328615
715141328615
715141328615
715141328615
715141328615
715141328615
715141328615
715141328615
715141328615
715141328615
722252369840
722252369840
722252369840
722252369840
722252369840
722252369840
722252369840
722252369840
722252369840
722252369840
722252369840
722252369840
678901234567
678901234567
678901234567
678901234567
678901234567
678901234567
678901234567
678901234567
678901234567
678901234567
678901234567
678901234567
678901234567
678901234567
678901234567
678901234567
678901234567
678901234567
678901234567
678901234567
074590516654
074590516654
074590516654
074590516654
074590516654
074590516654
074590516654
074590516654
074590516654
074590516654
074590516654
074590516654
074590516654
074590516654
074590516654
041457878026
041457878026
041457878026
041457878026
041457878026
041457878026
041457878026
041457878026
041457878026
041457878026
041457878026
041457878026
041457878026
041457878026
041457878026
567890123456
567890123456
567890123456
567890123456
567890123456
567890123456
567890123456
567890123456
567890123456
567890123456
567890123456
567890123456
567890123456
567890123456
567890123456
696551750930
696551750930
696551750930
696551750930
696551750930
696551750930
696551750930
696551750930
696551750930
696551750930
890123456789
890123456789
890123456789
890123456789
890123456789
890123456789
890123456789
890123456789
890123456789
890123456789
890123456789
890123456789
890123456789
890123456789
890123456789
890123456789
890123456789
890123456789
890123456789
890123456789
030100062134
030100062134
030100062134
030100062134
030100062134
030100062134
030100062134
030100062134
030100062134
030100062134
030100062134
030100062134
030100062134
030100062134
030100062134
030100062134
030100062134
030100062134
030100062134
030100062134
456789012345
456789012345
456789012345
456789012345
456789012345
456789012345
456789012345
456789012345
456789012345
456789012345
456789012345
456789012345
456789012345
456789012345
456789012345
456789012345
456789012345
456789012345
456789012345
456789012345
456789012345
456789012345
456789012345
456789012345
456789012345
456789012345
456789012345
456789012345
456789012345
456789012345
037000941514
037000941514
037000941514
037000941514
037000941514
037000941514
037000941514
037000941514
037000941514
037000941514
037000941514
037000941514
